10540 157  0                                       24.93   0.88  +26.0   1.2    2            24.6   43.09 0
10672    n      n      n       n      n      n     15.37   1.29  +26.40  0.32  24            37.1    9.81 1
12031    n      n      n       n      n      n     13.44   3.62                 0            41.8    1.11 ?
12709                                1  0          53.89   1.27  +32.15  0.15   1 SB     O   30.5   13.10 1
13042    n      n      n       n      n      n     11.18  17.11                 0    I   C   51.5    5.40 ?
13117    n      n      n       n      n      n     29.67   9.34  +26.6   0.49  24    H   C   23.8    4.26 1
13600    n      n      n       n      n      n     18.89   1.29  +30.41  0.23  24            20.1    7.75 1
13684                                3  0           5.84   0.92  +30.67  0.13   1           130.5   37.89 0
13806 153  0                         4  1          25.77   1.39  +26.62  0.21   1            19.4    0.30 1
13834 154  0                                5  1   31.41   0.84  +28.1   1.2    2            20.5    0.26 1
13976    n      n      n       n      n      n     42.66   1.22  +28.35  0.18  24            26.5    0.38 1
14792 133  1                         5  0 177  0    5.13   2.22  +25.99  0.17   1           152.2   11.74 0
14838    n      n      n       n      n      n     19.44   1.23  +24.70  0.50   2        S   16.4    8.05 1
14976    n      n      n       n      n      n     23.73   1.18  +27.27  0.22  24            18.4    0.68 1
15206 158  0                                       10.74   1.12  +42.8  #0.9   24 SB         51.1   60.38 0
15300                                6  1          29.49   4.70  +29.84  0.29   1    I   C   18.1    0.79 1
15304   1  1               1001  1   8  1 141  1   20.20   1.18  +32.44  0.21   1    I       16.5    9.27 1
15310   2  1               1002  1   9  1 149  0   21.64   1.33  +33.00  0.13   1    I       15.6    7.12 1
15368    n      n      n       n      n      n     13.76   5.62                 0    H   C   32.6    3.66 ?
15374    n      n      n       n      n      n     24.54   3.95                 0            15.1   11.05 ?
15532                         2  1  13  0           4.48   2.24  +47.27  0.22   1           179.4  107.93 0
15563                                     158  0   34.18   1.70  +30.45  0.26  24            20.7    0.51 1
15720    n      n      n       n      n      n     29.75   2.73  +28.9   0.45  24            17.9    0.47 1
16329   3  1                  3  1  14  0 164  0   21.61   1.48  +26.67  0.09   1    I   G   11.3   36.71 0
16377    n      n      n       n      n      n     10.48   1.61                 0            55.2   11.41 ?
16529   4  1               1004  1  16  1  46  1   22.78   1.26  +32.72  0.17   1            11.8    0.27 1
16548    n      n      n       n      n      n     17.20   3.36  +26.6   0.34  24            20.0   10.22 1
16896 159  0                        20  0          11.73   1.33  +47.83  0.22   1            41.1   70.94 0
16908   5  1               1005  1  21  1  47  1   25.23   1.58  +33.56  0.21   1            11.7    3.86 1
17128 134  1                              178  0    2.47   1.59  +62.4   0.4   26           360.7  163.77 0
17324                               24  0           1.46   1.13  +31.88  0.26   1           640.1    5.75 0
17605                               28  0           6.63   1.68  +92.10  0.65   1           106.3  710.47 0
17609    n      n      n       n      n      n     68.62   1.78  +32.20  2.50   2            32.4    8.39 1
17766                               30  1          24.02   2.27  +35.40  0.25   1            11.4    1.21 1
17779 136  1                        31  0 180  0    7.65   0.95   -1.48  0.17   1            86.1  299.33 0
17950    n      n      n       n      n      n     22.22   0.97                 0    I   C   16.3    7.53 ?
17962    n      n      n       n      n      n     21.37   1.62  +40.00  5.00   2             7.3    0.98 1
18018 170  0                  6  1  33  1          24.72   4.62  +35.30  0.12   1        X   10.3    0.08 1
18096    n      n      n       n      n      n     11.19   1.65  +40.02  0.24  24            44.1   11.14 1
18170   6  1               1006  1          6  1   24.14   0.90  +35.0   2.5    2             8.1    0.27 1
18322                         8  1  36  1 155  0   26.49   1.98  +37.18  0.22   1            10.8    3.82 1
18327   7  1               1007  1  37  1  65  1   24.16   1.40  +36.79  0.13   1             7.8    0.21 1
18617    n      n      n       n      n      n     10.38   2.61                 0    M   C   54.6    9.52 ?
18658   8  1               1008  1         19  1   25.42   1.05  +39.1   1.1    3        G    9.9    2.97 1
18692                               46  0          10.93   1.19  +37.94  0.18   1            45.9   13.67 1
18719   9  1               1009  1                 16.04   1.33  +37.0  #2.5    2 SB         17.5   47.25 0
18735 137  1               1137  1        162  0   21.99   0.81  +31.7  #1.1    2 SB I        5.4    2.84 1
18946                        11  1  55  1 146  0   23.07   2.12  +36.93  0.26   1             5.8    0.70 1
18975 160  0                                       27.80   0.95  +34.4   1.5   13            12.7   14.75 0
19082                        12  1  57  1          14.56   3.17  +38.33  0.22   1            23.1    2.20 1
19098                        10  1  58  1          19.81   1.39  +37.61  0.05   1             6.2    1.10 1
19117                               60  0          29.02   2.12  +37.28  0.13   1            12.9   19.85 0
19148  10  1               1010  1  62  1  66  1   21.41   1.47  +38.04  0.17   1             4.3    0.36 1
19207                        15  1  65  1          23.57   2.26  +38.95  0.23   1             5.6    1.01 1
19261  11  1               1011  1  68  1  67  1   21.27   1.03  +36.35  0.26   1    I   C    4.2    0.71 1
19263                        16  1  70  1          19.70   1.68  +38.72  0.05   1             6.0    0.92 1
19316                        14  1  75  1          24.90   2.59  +38.43  0.28   1             7.9    1.81 1
19365                               79  0          10.68   1.43  +37.92  0.15   1    I       49.7    4.75 1
19386    n      n      n       n      n      n     15.37   0.97  +33.6   0.39  24            24.9    6.62 1
19441                               84  1          29.78   1.90  +39.24  0.16   1            14.1    0.47 1
19449    n      n      n       n      n      n     12.14   2.03                 0            38.7    3.82 ?
19472         14  0  18  0                         29.88   2.67                 0    M   C   13.2   55.80 0
19481         19  0  23  0                         23.85   1.26  +38.0   4.5   25        G    6.5  175.60 0
19504  13  1               1013  1         68  1   23.22   0.92  +37.1   0.3    4             4.8    0.14 1
19554  14  1               1014  1         11  1   25.89   0.95  +36.6  #1.2    2 SB I       11.7    0.69 1
19572 138  1               1138  1  85  0 165  0   12.91   1.19  +78.24  0.27   1        S   34.2  401.51 0
19591                        20  1  86  1          27.21   2.11  +36.90  0.26   1 SB M   C   11.2    0.41 1
19641                               87  0          11.42   1.27  +26.97  0.15   1            41.4   22.37 0
19696         51  1  89  1          90  0          11.33   1.61   -5.92  0.33   1            42.1  414.42 0
19767         59  0 100  0                         27.98   1.18  +53.4   7.2   25            11.3   98.78 0
19781  17  1        101  1 1017  1  93  1  69  1   21.91   1.27  +39.24  0.06   1             3.2    1.15 1
19786  18  1  60  1 105  1 1018  1  94  1  70  1   22.19   1.45  +39.32  0.14   1             4.5    0.74 1
19789  16  1               1016  1         48  1   18.12   0.92  +38.4   1.2    2            10.6    0.75 1
19793  15  1               1015  1  92  1  49  1   21.69   1.14  +38.21  0.23   1             6.1    0.35 1
19796  19  1               1019  1  97  1  71  1   21.08   0.97  +38.50  0.15   1             5.7    0.51 1
19808         68  1 111  1   23  1  98  1          22.67   2.30  +40.51  0.15   1             4.4    1.21 1
19834         72  1 115  1   24  1  99  1          31.94   3.74  +38.79  0.36   1            15.2    7.86 1
19862         75  1 119  1         100  1          31.11   2.76  +38.96  0.17   1            14.4    7.74 1
19870 162  0               1162  1 101  1  50  1   19.48   0.99  +38.46  0.12   1 SB          6.6    0.50 1
19877  20  1  79  1 122  1 1020  1         20  1   22.51   0.82  +36.4   1.2    2    I        3.2    0.44 1
19934  21  1               1021  1 103  1  51  1   19.48   1.17  +38.46  0.19   1             7.1    0.11 1
19981                        28  1 106  0          30.56   1.52  +28.82  0.20   1    I       14.3   21.14 0
20019  22  1 108  1 167  0 1022  1 111  1  72  1   21.40   1.24  +38.18  0.13   1 SB          2.1    0.83 1
20056  23  1 123  1 178  1 1023  1         73  1   21.84   1.14  +37.7   0.4    5 SB          2.4    0.00 1
20082  25  1 133  1 185  1 1025  1 117  1  74  1   20.01   1.91  +39.64  0.08   1             4.1    2.00 1
20086        135  1 187  1   30  1 118  1          19.57   1.86  +40.53  0.04   1        S    5.2    5.45 1
20087  24  1               1024  1         12  1   18.25   0.82  +37.78  0.12   6 SB I   O    9.7    0.08 1
20130  26  1               1026  1 120  1  75  1   23.53   1.25  +39.58  0.06   1             4.9    1.10 1
20146  27  1 156  1 198  1 1027  1 122  1  76  1   21.24   1.32  +38.80  0.08   1             2.0    0.07 1
20187        171  0 210  0         125  0          20.13   2.02  +37.99  0.06   1             5.0   10.97 1
20197        174  0                                12.93   1.06  -19.10  1.3   12            31.2  657.25 0
20205  28  1 175  1        1028  1 127  1   1  1   21.17   1.17  +39.28  0.11   1             2.0    0.22 1
20215  29  1 179  1 212  1 1029  1 129  1  77  1   23.27   1.14  +39.21 #0.27   1 SB I   C    3.7    1.85 1
20219  30  1 182  1 213  1 1030  1         21  1   22.31   0.92  +42.0   2.5    2    I        3.0    1.23 1
20226                              130  0           4.91   0.88   +8.78  0.19   1           157.8  182.99 0
20237  31  1               1031  1 132  1  78  1   22.27   0.93  +38.81  0.18   1             2.9    0.21 1
20255  32  1               1032  1         79  1   21.12   0.77  +42.0  #1.2    2 SB          2.5    8.65 1
20261  33  1               1033  1         22  1   21.20   0.99  +36.2   1.2    2             2.1    0.65 1
20284  34  1 201  1 230  1 1034  1         23  1   21.80   0.85  +39.2   0.3    7 SB          2.7    0.53 1
20319    n      n      n       n      n      n     11.64   3.73                 0            41.3    9.00 ?
20349  35  1               1035  1         52  1   19.55   0.89  +37.1   1.2    2             6.2    0.23 1
20350  36  1               1036  1         80  1   19.83   0.89  +40.8   2.4   24             4.5    1.43 1
20357  37  1 215  1 246  1 1037  1 137  1  81  1   19.46   1.02  +39.20  0.21   1             5.6    0.54 1
20400  38  1 229  1 257  1 1038  1         24  1   21.87   0.96  +37.8   2.3    9 SB I        2.5    0.24 1
20415 139  1                       139  0 163  0   15.44   1.28  +26.77  0.20   1            22.6   28.11 0
20419                        33  1 142  1  82  1   19.17   1.93  +40.77 #0.20   1 SB          7.5    1.63 1
20440  40  1 249  1 271  1 1040  1         83  1   21.45   2.76  +37.4   2.9   10 SB I   C    1.7    0.21 1
20441  39  1 248  0 270  1 1039  1         25  1   26.96   1.40  +34.8  #2.6   24 SB     G    9.3   12.16 1
20455  41  1 256  1        1041  1 148  1   2  1   21.29   0.93  +39.65  0.08   1 SB I        1.4    0.17 1
20480  42  1               1042  1 149  1  53  1   20.63   1.34  +39.24  0.24   1             4.5    0.28 1
20482  43  1               1043  1 150  1  84  1   15.82   1.44  +39.90  0.09   1 SB     O   17.1    2.57 1
20484  45  1 272  1 288  1 1045  1         26  1   21.17   0.80  +37.7   0.3   11 SB          1.3    0.17 1
20485 173  0 276  1 290  1   35  1 151  1  85  1   21.08   2.69  +39.30  0.21   1             1.6    1.36 1
20491  44  1 279  1        1044  1         54  1   20.04   0.89  +35.9   0.5    8             7.4    0.81 1
20492  46  1        292  1 1046  1 152  1  86  1   21.23   1.80  +40.29  0.06   1             2.0    0.34 1
20527        294  1 299  1   34  1 156  1          22.57   2.78  +40.64  0.26   1             3.0    0.83 1
20540        304  0 302  0                          6.58   1.09  +59.3   1.0   12           105.8  113.29 0
20542  47  1 301  1        1047  1         27  1   22.36   0.88  +39.2   1.2   27    I        1.9    0.39 1
20553  50  1 308  1 308  1 1050  1 163  0  87  1   22.25   1.52  +37.48  0.19   1    H   C    2.2    6.15 1
20557  48  1               1048  1 160  1  55  1   24.47   1.06  +38.94  0.13   1             6.7    0.52 1
20563 174  0 310  1 312  1   39  1 164  1          19.35   1.79  +39.95  0.16   1             5.5    1.33 1
20567  51  1 315  1 316  1 1051  1         89  1   18.74   1.17  +40.1   0.6    8             7.1    0.81 1
20577  52  1 319  1 320  1 1052  1 165  1  90  1   20.73   1.29  +38.80 #0.08   1 RV          2.0    0.40 1
20601 140  1               1140  1 167  0 142  1   14.97   1.51  +42.20  0.12   1 SB         23.5    8.76 1
20605        334  1 336  1                         24.41   6.94  +40.2   0.36  24    H   C    5.4    1.10 1
20614  53  1               1053  1         28  1   20.40   0.74  +36.6   1.2    2             3.4    1.05 1
20626    n      n      n       n      n      n     15.92   1.00                 0            18.6   11.59 ?
20635  54  1               1054  1         29  1   21.27   0.80  +38.6   1.2   27    I        4.7    0.11 1
20641  55  1               1055  1         30  1   22.65   0.84  +32.0   2.5    2    I        4.9    3.27 1
20648  56  1 355  1        1056  1         31  1   22.05   0.77  +38.7   1.3   14    I   C    1.5    0.05 1
20661  57  1 360  1 357  1 1057  1         32  1   21.47   0.97  +39.1  #0.5   15 SB I   C    0.8    0.56 1
20679 176  0 363  1 361  1 1176  1                 20.79   1.83  +37.0  #7.5   21 SB M   C    2.1    0.82 1
20686  58  1               1058  1 172  1  91  1   23.08   1.22  +40.72 #0.47   1 SB I   C    3.5    1.04 1
20693  61  1               1061  1 177  0 181  0   22.03   0.90  +29.67  0.30   1             9.3   17.54 0
20711  60  1               1060  1         13  1   21.07   0.80  +35.6   0.6   16    I        5.2    1.28 1
20712  62  1               1062  1 178  1  56  1   21.54   0.97  +38.77  0.14   1 SB          3.9    1.01 1
20713 141  1 388  1        1141  1         93  1   20.86   0.84  +40.8   4.26  19 SB          1.8    3.65 1
20719  63  1 389  1 382  1 1063  1 179  1  94  1   21.76   1.46  +39.39 #0.31   1 SB          0.5    3.35 1
20741  64  1 400  1 388  1 1064  1 180  1  95  1   21.42   1.54  +40.23  0.28   1             0.4    0.24 1
20745        404  1 392  1   48  1 182  1          28.27   3.17  +41.38  0.18   1    M   C   11.3    1.24 1
20751                        59  1 183  1  96  1   23.03   1.66  +41.12 #0.20   1 SB          5.4    1.32 1
20762        407  1 394  1   49  1 184  1          21.83   2.29  +41.22  0.21   1             2.9    0.43 1
20810 188  0 444  1 413  1         190  0           8.66   2.61  +60.94  0.06   1            69.1   87.60 0
20815  65  1 446  1 415  1 1065  1 191  1  97  1   21.83   1.01  +39.32  0.24   1             1.0    0.14 1
20826  66  1               1066  1 193  1  98  1   21.18   1.04  +40.22  0.21   1             4.1    0.30 1
20827 179  0 459  1 417  1   52  1 192  1          17.29   2.23  +40.46  0.07   1            11.7    1.17 1
20842  67  1               1067  1         33  1   20.85   0.86  +37.5   3.3   11    I        4.4    0.12 1
20850 178  0 472  1 420  1   50  1 196  1 100  1   21.29   1.91  +40.94  0.08   1             2.4    0.27 1
20873  68  1 485  1 429  1 1068  1        101  1   18.42   1.93  +40.6   0.3   24        X    8.1    2.10 1
20885  71  1 489  1        1071  1 200  1  34  1   20.66   0.85  +40.17 #0.08   1 SB I        2.1    3.31 1
20889  70  1               1070  1 199  1   3  1   21.04   0.82  +39.37  0.06   1    I        2.4    0.25 1
20890  69  1               1069  1 198  1 102  1   20.09   1.11  +39.91  0.08   1 SB          4.3    0.78 1
20894  72  1 491  1        1072  1         35  1   21.89   0.83  +38.9   0.2   17 SB I        0.9    0.05 1
20899  73  1 495  1 439  1 1073  1 201  1 103  1   21.09   1.08  +39.99  0.16   1             1.2    0.14 1
20901  74  1 504  1        1074  1         14  1   20.33   0.84  +39.9   4.1   11             4.1    0.26 1
20916  75  1 511  1 448  0 1075  1        104  1   20.58   1.74  +45.0  #2.5    2 SB I   C    2.3    3.93 1
20935  77  1 536  1 461  1 1077  1 209  1 105  1   23.25   1.04  +39.90  0.11   1 SB     O    3.4    0.77 1
20948  78  1 544  1 469  1 1078  1 210  1 106  1   21.59   1.09  +38.62  0.24   1    I        1.0    0.04 1
20949  76  1               1076  1 208  1  57  1   17.08   1.18  +39.02  0.17   1            15.2    0.47 1
20951  79  1 547  1 470  1 1079  1 211  1 107  1   24.19   1.76  +40.70  0.06   1    I        5.1    0.84 1
20952        550  0 474  0                          7.68   1.27  +96.3   1.2    2            83.9  512.19 0
20978 180  0 560  1 478  1   56  1 215  1 108  1   24.71   1.27  +40.97  0.06   1             5.9    1.69 1
20995  80  1 569  1 481  0 1080  1        171  0   22.93   1.25  +29.3   5.00  18 SB I   C    2.9    3.30 1
21008  81  1               1081  1        109  1   19.94   0.93  +38.0  #2.5    2 SB          4.7    1.28 1
21019                              216  0           3.52   1.98  +47.89  0.26   1           237.8   15.22 0
21029  82  1 584  1        1082  1         36  1   22.54   0.77  +41.0   1.8   13    I        2.1    0.75 1
21036  84  1 591  1        1084  1         38  1   21.84   0.89  +38.8   1.2    2    I        2.5    0.14 1
21039  83  1 589  1 493  0 1083  1         37  1   22.55   1.09  +39.56  0.23  24 SB I        2.2    0.35 1
21053  85  1 597  1 496  1 1085  1        111  1   24.28   0.79  +40.9   1.3    8    I        5.2    3.77 1
21066  86  1               1086  1 220  1 112  1   22.96   0.99  +41.35  0.26   1             5.4    1.03 1
21092    n      n      n       n      n      n     19.64   9.61                 0    H   C   13.3    0.95 ?
21099  87  1               1087  1 222  1  58  1   21.81   1.25  +40.62  0.08   1             2.9    0.38 1
21112  88  1 625  1 507  1 1088  1 224  1 172  0   19.46   1.02  +40.98  0.31   1             5.6    0.44 1
21123        627  1 509  1   63  1 225  1          23.41   1.65  +40.38  0.11   1 SB     O    3.8    0.41 1
21137  89  1 644  1 516  1 1089  1         39  1   22.25   1.14  +36.0  #2.5    2 SB          1.7    2.23 1
21138 191  0 645  1 517  1   62  1 228  1          15.11   4.75  +41.28  0.21   1            19.9    1.08 1
21152  90  1               1090  1        143  1   23.13   0.92  +39.8   1.0   24             9.4    0.20 1
21179        677  1 532  1   60  1                 17.55   2.97  +41.70 #1.0   24 SB         11.1    2.01 1
21194        682  0 541  0                          9.42   2.76                 0            60.1   69.56 0
21256                        66  1 235  1          24.98   1.95  +41.39  0.20   1             7.2    1.19 1
21261                        65  1 237  1          21.06   2.21  +41.43  0.15   1             2.5    0.42 1
21267  94  1 724  1 574  1 1094  1        116  1   22.80   0.98  +36.9   0.9    8             3.8    1.38 1
21273  95  1 725  1        1095  1          7  1   21.39   1.24  +37.7   0.9   28 SB     O    1.9    1.18 1
21280  96  1 727  1 578  1 1096  1        117  1   24.02   1.68  +37.6  #1.2    2 SB M   C    5.0    2.83 1
21306        741  0 593  0                         12.62   1.96  -81.8   6.9   22            33.2  375.20 0
21317  97  1 748  1 598  1 1097  1 241  1 119  1   23.19   1.30  +40.78  0.16   1             3.6    0.53 1
21332        751  1 600  1                          9.87   1.02                 0            55.0   19.28 0
21353  98  1                       242  0           6.81   1.34  +28.95  0.19   1           101.9   47.17 0
21395        771  1 611  0         245  0          13.51   1.32  +40.37  0.24   1 SB         28.1   14.28 0
21459 100  1               1100  1         59  1   22.60   0.76  +43.3   1.2    2             5.9    3.40 1
21474 101  1               1101  1        121  1   22.99   0.95  +33.7  #1.2    2 SB          3.3    6.02 1
21475                                     122  1   18.93   1.75                 0    I        7.9   20.92 0
21482                              249  0          56.02   1.21  +36.18  0.08   1 SB         29.0    1.56 1
21543 102  1               1102  1 253  1  40  1   23.54   1.29  +42.00 #0.33   1 SB     G    4.4    4.81 1
21588 103  1               1103  1         41  1   21.96   1.04  +38.4   1.2    2    I   G    2.2    6.01 1
21589 104  1               1104  1         15  1   21.79   0.79  +44.7  #5.00   2 SB I        3.9    0.74 1
21637 105  1               1105  1 259  1  42  1   22.60   0.91  +39.86  0.29   1             5.9    0.33 1
21654 106  1               1106  1 262  1 123  1   20.81   1.30  +41.86 #0.12   1 SB          3.5    0.74 1
21670 107  1               1107  1         16  1   19.44   0.86  +36.3   1.2    2    I        9.4    3.34 1
21673                                              21.49   0.96  +26.1   0.7   11 SB I   G    2.3  124.44 0
21683 108  1               1108  1         17  1   20.51   0.82  +35.6   2.5   19    I        3.4    2.91 1
21684                              264  0           9.56   1.73  +30.69  0.20   1            58.7   63.17 0
21723                        80  1 266  1 124  1   23.95   1.63  +42.50  0.19   1             5.9    0.53 1
21741 109  1               1109  1 267  1  60  1   15.96   1.36  +41.34  0.16   1            17.7    0.52 1
21762 185  0                 82  1 269  1 125  1   23.65   2.53  +40.90  0.17   1 SB M   C    4.7    0.76 1
21788 110  1               1110  1 270  0 166  0   19.48   1.26  +35.85  0.05   1             8.3    7.85 1
21829 163  0                                        5.88   0.97  +35.7   1.2    2           126.7   47.56 0
21923                              278  0          23.23   1.25  +13.57  0.20   1    I        4.6  211.77 0
21946                              279  0          21.10   2.22  +14.49  0.23   1 SB          3.5  178.36 0
21983                        94  1 281  0          21.48   1.84  +24.47  0.34   1             5.4   82.06 0
22044 111  1               1111  1         43  1   20.73   0.88  +39.6   0.5    2    I        5.9    1.18 1
22105                              282  0           9.08   1.79  +25.94  0.11   1            64.1   71.72 0
22157 112  1               1112  1         18  1   12.24   0.86  +43.0   1.0   11 SB I       36.1    4.32 1
22176 164  0                       283  0          10.81   0.94  +44.11  0.10   1 SB         46.5   62.75 0
22177                       119  1 285  1          22.45   2.32  +43.16  0.25   1            11.1    0.36 1
22203 142  1               1142  1 284  1 126  1   19.42   1.09  +42.42 #0.71   1 SB          6.5    0.76 1
22221 113  1               1113  1 286  1 144  1   26.26   1.04  +42.47 #0.11   1 SB     G   10.5    5.44 1
22224                        92  1        127  1   24.11   1.72  +40.32 #0.09   1 SB          6.0    0.38 1
22253                        93  1 290  1          15.74   1.98  +41.78  0.23   1            18.7    1.09 1
22265 114  1               1114  1        128  1   19.81   1.43  +39.8  #0.4   15 SB          5.9    1.79 1
22271                              291  0          22.07   2.03  +40.30  0.17   1             8.5    4.18 1
22350 115  1               1115  1 296  1  61  1   19.30   1.67  +41.84 #0.44   1 SB     G    7.9    0.72 1
22380 116  1               1116  1 298  1 129  1   21.38   1.46  +41.62  0.15   1             4.4    0.97 1
22394 117  0                       299  1  62  1   18.96   1.62  +40.60  0.31   1 SB         10.4    0.34 1
22422 118  1               1118  1 300  1 130  1   19.68   0.96  +42.04  0.14   1             6.3    0.53 1
22446 165  0                       301  0          13.26   1.11  +31.84  0.14   1            30.3   35.59 0
22496 119  1               1119  1        131  1   22.96   1.17  +41.40  0.16  24 SB     G    5.1    1.31 1
22505 120  1               1120  1 305  1 132  1   23.64   0.99  +42.34 #0.33   1 SB     S    6.0    1.75 1
22524 121  1               1121  1 307  1 133  1   19.30   0.95  +42.74  0.17   1 SB          7.2    0.80 1
22550 122  1               1122  1 312  1 134  1   20.15   1.14  +42.44 #0.17   1 SB I   C    7.4    0.83 1
22565 123  1               1123  1          8  1   17.27   0.82  +36.8   1.2    2    I       12.8    4.10 1
22566 143  1               1143  1 313  1 135  1   17.14   1.00  +42.92  0.19   1            13.1    1.19 1
22607 124  1               1124  1        136  1   23.91   1.04  +39.83  0.24   1 SB I   C    6.7    1.87 1
22654                        98  1 318  1          18.93   2.02  +42.88  0.25   1             8.4    0.58 1
22684 145  1               1145  1 319  0 167  0   12.14   2.22  +48.53  0.08   1    I   C   36.7   17.34 0
22751 125  1                       325  0 168  0   11.62   1.95  +48.72  0.18   1            40.9   16.84 0
22782 146  1               1146  1 327  0 174  0   14.82   0.88  +57.10  0.23   1            22.0   95.23 0
22805 166  0                       328  0           5.52   1.29  +19.14  0.33   1 SB        135.2  114.49 0
22850 126  1               1126  1        137  1   14.67   0.95  +38.4   2.0    8            22.9    1.27 1
22893 147  1                       331  0 175  0    9.66   1.43  -30.57  0.26   1            58.3  993.75 0
23044 149  1               1149  1 336  0          12.62   1.89  +37.96  0.17   1    I   C   37.6   13.12 1
23056 148  1                       335  0 169  0   14.29   1.48  +60.93  0.17   1            26.8  109.89 0
23069 127  1               1127  1 337  1 138  1   19.66   1.62  +43.68  0.16   1             7.9    0.80 1
23205    n      n      n       n      n      n     10.73   1.66                 0    I   C   50.5    8.53 ?
23214 128  1               1128  1         44  1   23.09   0.83  +42.5   1.5   24    I        6.7    0.30 1
23312                                     160  0   16.77   1.79  +42.21  0.40  24            18.7    1.18 1
23409                       105  1 341  0          11.39   1.66  +78.64  0.36   1            45.5  358.75 0
23497 129  1               1129  1          4  1   20.01   0.91  +38.0   1.7    8             8.9    1.29 1
23498 187  0                107  1 345  1 139  1   18.44   1.66  +43.51  0.19   1        G   11.1    0.08 1
23574 150  1               1150  1 346  0 176  0    2.26   1.27  +30.22  0.19   1           396.8   31.53 0
23589                              347  0           5.30   0.81  +49.35  0.21   1           143.2   40.64 0
23599                              348  0           3.98   1.61 +111.51  0.37   1           205.9  855.75 0
23662    n      n      n       n      n      n     16.69   1.12                 0        O   18.6    4.30 ?
23701 151  1               1151  1 349  0 145  1   13.78   2.08  +42.92 #0.16   1 SB     G   29.7    2.37 1
23750                                     140  1   18.78   1.40  +42.31  0.18  24            10.6    0.15 1
23772    n      n      n       n      n      n     12.00   1.87  +35.38 #0.93  24 RV H   C   39.7   11.47 1
23983 130  1               1130  1         10  1   18.54   0.83  +44.16  0.14  24 SB I       13.0    0.55 1
24019 131  1               1131  1          9  1   18.28   1.30  +44.90  0.52  24    I   C   15.5    5.84 1
24020 132  1               1132  1 353  1  64  1   18.28   1.30  +45.00  0.19   1    I   C   15.5   36.00 0
24021    n      n      n       n      n      n     21.39   1.21                 0            11.3    9.56 ?
24035 152  1               1152  1 354  0 170  0   25.67   1.53  +16.48 #0.39   1 SB I       13.1  175.91 0
24046                                              24.88   1.06                 0    I       12.6   54.92 0
24116    n      n      n       n      n      n     11.56   1.19  +45.30  1.20   2            41.9    1.87 1
24923    n      n      n       n      n      n     18.26   1.58  +43.70  0.23  24            14.7    0.17 1
25141 167  0                       361  0           9.40   1.48  +34.54  0.24   1        G   63.7   24.65 0
25639    n      n      n       n      n      n     11.58   1.13  +42.1   0.43  24            46.3   14.11 1
25694    n      n      n       n      n      n     11.17   1.28                 0            46.4   11.21 ?
25871    n      n      n       n      n      n     11.55   0.91                 0            45.0    1.32 ?
25929 155  0                       366  0           6.74   1.40  +33.22  0.34   1           104.9   30.90 0
26159    n      n      n       n      n      n     11.13   1.39                 0        S   47.3   10.82 ?
26227 156  0                       367  0           0.72   1.90  +46.64  0.24   1          1345.6    4.57 0
26382 168  0                                       18.56   0.86  +41.1   1.2    2            16.2    2.07 1
26795                                     161  0    6.93   1.13  +27.1   0.27  23 SB        102.9   66.29 0
26844    n      n      n       n      n      n     46.51   2.35                 0            26.7    2.78 ?
27431    n      n      n       n      n      n     13.11   0.87                 0            37.4    8.89 ?
27502                                     147  0    6.15   1.25                 0        G  120.0   10.01 0
27791    n      n      n       n      n      n     11.50   6.04                 0    I X/S   49.7    1.46 ?
27933                                     148  0   12.76   0.94                 0            39.2   33.71 0
28356    n      n      n       n      n      n     14.87   0.98  +45.00  2.50   2            33.1    0.53 1
28469    n      n      n       n      n      n     10.52   0.99  +48.00  5.00   2            56.3   10.27 1
28614 169  0                                       21.49   0.82  +40.9   0.3   20 SB I   C   19.3   26.99 0
28774    n      n      n       n      n      n     12.81  12.80                 0    I   C   41.6   11.50 ?
